83
03
55
17
93
47
43
47
15
64
49
60
59
70
43
35
31
50
32
52
01
55
58
80
26
52
16
69
76
42
24
70
44
48
50
49
76
96
14
29
07
12
09
05
52
58
97
79
60
56
02
89
77
46
69
69
06
07
73
54
37
83
29
34
73
80
10
70
47
71
18
87
74
03
89
25
48
17
49
72
90
37
86
59
45
75
57
95
63
67
22
44
74
08
79
88
56
07
03
01
83
03
55
17
93
47
43
47
15
64
49
60
59
70
43
35
31
50
32
52
01
55
58
80
26
52
16
69
76
42
24
70
44
48
50
49
76
96
14
29
07
12
09
05
52
58
97
79
60
56
02
89
77
46
69
69
06
07
73
54
37
83
29
34
73
80
10
70
47
71
18
87
74
03
89
25
48
17
49
72
90
37
86
59
45
75
57
95
63
67
22
44
74
08
79
88
56
07
03
01
83
03
55
17
93
47
43
47
15
64
49
60
59
70
43
35
31
50
32
52
01
55
58
80
26
52
16
69
76
42
24
70
44
48
50
49
76
96
14
29
07
12
09
05
52
58
97
79
60
56
02
89
77
46
69
69
06
07
73
54
37
83
29
34
73
80
10
70
47
71
18
87
74
03
89
25
48
17
49
72
90
37
86
59
45
75
57
95
63
67
22
44
74
08
79
88
56
07
03
01
83
03
55
17
93
47
43
47
15
64
49
60
59
70
43
35
31
50
32
52
01
55
58
80
26
52
16
69
76
42
24
70
44
48
50
49
76
96
14
29
07
12
09
05
52
58
97
79
60
56
02
89
77
46
69
69
06
07
73
54
37
83
29
34
73
80
10
70
47
71
18
87
74
03
89
25
48
17
49
72
90
37
86
59
45
75
57
95
63
67
22
44
74
08
79
88
56
07
03
01
